[(12.2, 6.2),(-11.7, 6.1),(-11.7, 6.9),(12.2, 6.8)]
[(3.1, 1.0),(-0.2, 2.0),(-2.1, 3.5),(-1.0, 5.0),(1.4, 5.3),(3.3, 3.6),(4.0, 2.3)]
[(-4.8, -0.7),(-3.3, -2.3),(-3.6, -7.1),(-4.8, -8.4),(-6.9, -9.1),(-7.8, -7.2),(-8.2, -3.5),(-6.8, -1.8),(-6.1, -1.2)]
[(-10.5, -12.4),(-10.5, -11.9),(11.4, -11.5),(11.9, -11.9)]
[(-11.1, 6.3),(-9.9, -12.5),(-11.3, -12.4),(-12.2, 6.5)]
[(5.7, 4.2),(6.4, 4.2),(6.8, 4.9),(7.7, 4.5),(9.0, 4.6),(8.9, 3.9),(9.2, 3.4),(8.7, 3.0),(8.8, 2.0),(7.0, 2.2),(5.6, 1.8),(6.1, 2.8),(5.2, 3.1),(5.7, 3.6)]
[(11.3, -12.4),(10.8, 6.4),(12.2, 6.3),(12.0, -12.2)]
[(-1.5, 2.3),(-2.9, 0.8),(-3.3, 3.5)]
[(10.3, -2.9),(2.4, -2.5),(1.7, -0.7),(9.5, -1.6),(10.2, -2.1)]
[(2.8, -3.9),(4.6, -4.8),(1.5, -7.6),(-0.9, -8.2),(-1.8, -6.9),(-0.1, -5.3)]
[(-3.7, -0.3),(-5.3, -0.5),(-8.0, -0.2),(-7.6, 1.6),(-5.7, 3.4),(-3.9, 2.9),(-3.5, 1.1)]
[(-0.4, -2.5),(-0.4, -4.1),(-2.0, -4.1),(-2.2, -2.4)]